135 
8 18.7
0.5 7.4
6.4 11.4
1.1 2.3
14.9 18.4
15.3 21.7
18.5 20.7
17 17.4
19 20.9
12.1 12.8
6.8 15.2
8.1 18.7
16 20.8
3.8 7.7
6.3 19.9
17.7 21.5
9.9 12.2
19.6 22.9
18.4 19.1
18.8 21.7
19.4 21.7
7.8 17.5
12.6 14.8
15 15.3
2.2 12.9
3.4 10
12.6 20.9
10.7 17.2
15.8 19.5
8.2 22.4
5.7 12.3
16.6 20.1
6.1 14.2
2.3 5.9
1.1 17.5
10.9 13.4
9.9 13.6
10.3 21.4
13.4 18.6
11.9 18.9
12.4 20.1
1.3 9.7
19.8 20.6
5.4 14.2
16.7 17.2
0.1 7.1
3.8 3.8
13.7 21.8
12.1 17.4
19.3 21
12.1 20.1
4.5 19.5
1.4 17.9
17.2 17.6
11.5 22.7
11.8 19.9
17.9 23
9.2 11.8
4.7 14.9
15.8 20.5
15.9 17.5
18.6 20.8
13 14.8
11.2 17.2
15.4 16.6
0.5 6.7
16.9 22.4
5.7 20.4
19.8 21.2
19.8 19.8
2.3 4
7 22.2
18.4 19.3
5.2 21.5
3 18.4
2.8 10.7
1.6 17.5
13.7 15.7
14.7 17.5
9 21.4
6.4 19.9
13.5 15.1
0.2 12.5
19 20.1
7.1 15.9
7.3 9.2
18 21.4
15.3 15.4
7.8 21.8
8.2 16.5
19.9 23
3.2 4
14.2 20
12.2 19.9
12.3 16.6
17.4 22.7
20 21.1
7.9 12
2 3.8
10.6 16.7
13.6 21.7
19 21.4
1.8 19.3
11.3 16.3
5.9 7.7
8.4 17.3
13.5 14.1
12 17.8
1.4 5.9
18.9 22.7
12.6 12.7
2.6 22.9
16.8 18.3
19.8 22.3
10.2 11.2
12 14
19.9 22.8
5.6 9.6
18.4 18.7
9.5 12.4
5.4 12.7
7.3 20.5
3.6 17.2
15.3 21.3
3.2 22.2
16.6 20.1
9 11.7
5.4 6.9
3.6 6.3
2.9 16.6
8.7 18.3
0 13.4
19.6 20.3
13.2 17.9
0.9 16.5

