135 
17 19
0 8
11 21
12 15
17 22
1 14
10 12
1 10
12 21
4 11
4 4
9 21
10 20
14 14
10 11
6 23
16 17
2 13
7 14
20 21
0 2
13 13
8 21
17 19
19 19
10 11
19 21
17 19
19 22
12 12
15 16
20 23
8 8
20 20
1 19
14 19
4 9
20 22
1 18
19 23
16 18
0 18
6 10
16 21
16 23
11 14
8 18
3 15
6 10
20 22
14 19
0 16
13 15
8 20
18 22
4 14
5 9
15 21
9 17
8 11
14 22
3 18
2 17
2 2
5 13
20 21
9 11
16 20
17 18
8 19
5 11
17 23
15 23
20 23
15 20
9 18
17 20
15 17
17 21
10 22
9 14
7 11
18 22
19 22
0 14
8 13
3 13
14 22
13 20
5 5
1 5
4 12
2 15
16 17
8 19
11 14
9 20
12 20
9 12
3 22
8 14
5 12
12 16
8 18
13 18
15 17
10 22
2 6
5 13
5 9
3 14
9 16
3 17
15 22
4 21
4 20
19 19
2 3
5 12
14 14
4 4
4 11
7 14
18 23
10 19
18 23
20 20
11 13
10 13
9 11
13 13
16 20
12 19
14 23
15 20

